1 0.147813 0.709150 0.015625 0.036415
1 0.295000 0.701681 0.007500 0.028945
1 0.304688 0.760504 0.009375 0.051354
1 0.379688 0.730159 0.010625 0.056022
1 0.533438 0.724557 0.015625 0.063493
1 0.655312 0.624650 0.023125 0.078432
1 0.661563 0.683006 0.025625 0.030813
1 0.694688 0.550420 0.028125 0.055089
1 0.697812 0.678338 0.026875 0.028944
1 0.703125 0.620915 0.021250 0.082166
1 0.750625 0.712885 0.008750 0.036414
1 0.833125 0.698413 0.017500 0.054155
1 0.861250 0.732960 0.012500 0.022409
1 0.866563 0.695612 0.015625 0.044818