1 0.005625 0.372889 0.006250 0.023452
1 0.041875 0.403377 0.005000 0.018762
1 0.049375 0.427767 0.003750 0.013133
1 0.052500 0.359287 0.005000 0.022514
1 0.114375 0.457317 0.003750 0.015948
1 0.117500 0.390713 0.008750 0.019700
1 0.140937 0.449812 0.003125 0.021576
1 0.145625 0.425891 0.003750 0.018762
1 0.147500 0.450750 0.005000 0.019699
1 0.151875 0.397280 0.006250 0.019699
1 0.216250 0.424484 0.005000 0.019700
1 0.225312 0.441838 0.005625 0.011257
1 0.228438 0.424484 0.009375 0.019700
1 0.294687 0.402908 0.010625 0.034710
1 0.358437 0.387429 0.013125 0.009381
1 0.410625 0.356473 0.006250 0.016886
1 0.425625 0.355065 0.006250 0.027205