1 0.064062 0.571667 0.010625 0.020000
1 0.119063 0.502083 0.021875 0.067500
1 0.208750 0.591250 0.007500 0.015834
1 0.219375 0.601666 0.005000 0.008333
1 0.227187 0.602916 0.005625 0.010833
1 0.303438 0.607916 0.005625 0.020833
1 0.320000 0.576250 0.010000 0.022500
1 0.338750 0.577083 0.008750 0.024167
1 0.402500 0.591250 0.007500 0.015834
1 0.415000 0.592083 0.006250 0.017500
1 0.545313 0.581666 0.009375 0.031667
1 0.602187 0.552916 0.006875 0.019167
1 0.773438 0.613333 0.015625 0.043333
1 0.835313 0.633750 0.005625 0.014166