1 0.058125 0.307546 0.040000 0.135625
1 0.140000 0.736867 0.006250 0.025788
1 0.145000 0.739733 0.003750 0.020057
1 0.156250 0.744508 0.007500 0.021968
1 0.205000 0.723018 0.007500 0.028654
1 0.228750 0.804203 0.003750 0.015281
1 0.231875 0.805158 0.002500 0.013371
1 0.266250 0.802292 0.005000 0.015282
1 0.275313 0.716810 0.015625 0.029608
1 0.308750 0.314231 0.041250 0.135626
1 0.297813 0.799905 0.006875 0.020057
1 0.328125 0.798949 0.005000 0.018147
1 0.340625 0.747374 0.007500 0.023877
1 0.358125 0.797995 0.006250 0.020057
1 0.378750 0.802292 0.003750 0.015282
1 0.388125 0.745463 0.007500 0.023878
1 0.553750 0.732569 0.006250 0.022923
1 0.560312 0.729704 0.006875 0.024833