1 0.052812 0.714353 0.008125 0.015947
1 0.063125 0.728893 0.001250 0.005628
1 0.072813 0.727955 0.003125 0.007504
1 0.077187 0.712477 0.005625 0.019699
1 0.097500 0.511257 0.021250 0.063790
1 0.102813 0.710600 0.005625 0.015947
1 0.154062 0.720450 0.005625 0.015009
1 0.178437 0.720450 0.005625 0.011257
1 0.203125 0.510319 0.017500 0.061914
1 0.200625 0.723265 0.006250 0.013133
1 0.291563 0.509381 0.020625 0.063790
1 0.342500 0.635554 0.010000 0.032833
1 0.392500 0.636491 0.010000 0.030957
1 0.436562 0.637429 0.009375 0.032833
1 0.495000 0.710600 0.002500 0.023452
1 0.503125 0.712477 0.006250 0.027205
1 0.509375 0.717167 0.003750 0.017824