1 0.137666 0.430322 0.012667 0.050323
1 0.359667 0.327742 0.010000 0.046452
1 0.369000 0.252258 0.016666 0.078710
1 0.452667 0.341290 0.012000 0.045161
1 0.513000 0.239355 0.016666 0.076129
1 0.604666 0.444516 0.005333 0.027097
1 0.663666 0.474839 0.015333 0.015484
1 0.753667 0.439355 0.007333 0.040000
1 0.769000 0.443871 0.004666 0.033548
1 0.844666 0.412903 0.013333 0.056774
1 0.860667 0.418709 0.006667 0.042581
1 0.861333 0.303871 0.008000 0.052904
1 0.895334 0.321935 0.006667 0.050323
1 0.964666 0.435484 0.009333 0.047742