1 0.240250 0.485949 0.009361 0.035129
1 0.278471 0.461358 0.007800 0.042155
1 0.287052 0.454333 0.006241 0.042155
1 0.299532 0.446136 0.009360 0.039812
1 0.319032 0.429742 0.014041 0.049181
1 0.399376 0.533957 0.009360 0.028103
1 0.407956 0.533957 0.007800 0.028103
1 0.457098 0.538641 0.009360 0.028103
1 0.509360 0.545667 0.007801 0.028103
1 0.555382 0.550351 0.009360 0.028103
1 0.677067 0.645199 0.012480 0.021078
1 0.786272 0.455504 0.015601 0.058548
1 0.816693 0.436768 0.020281 0.063232
1 0.851015 0.412178 0.023401 0.074942
