1 0.055625 0.257661 0.042500 0.131452
1 0.090313 0.425000 0.014375 0.045162
1 0.189375 0.330645 0.020000 0.074194
1 0.211875 0.420968 0.003750 0.025806
1 0.360625 0.283467 0.037500 0.116935
1 0.356250 0.473791 0.018750 0.066935
1 0.379062 0.430242 0.005625 0.034678
1 0.406250 0.284274 0.040000 0.115322
1 0.415312 0.424597 0.005625 0.016936
1 0.499375 0.412096 0.002500 0.004839
1 0.524375 0.414516 0.001250 0.006452
1 0.598750 0.427016 0.003750 0.018548
1 0.639687 0.374596 0.010625 0.047581
1 0.680625 0.365323 0.023750 0.050000
1 0.673438 0.437903 0.004375 0.008064
1 0.815937 0.393145 0.011875 0.045968
1 0.820625 0.446774 0.003750 0.017742
