1 0.010416 0.407222 0.015833 0.034444
1 0.042500 0.430000 0.005000 0.024444
1 0.052500 0.443889 0.003334 0.012222
1 0.080417 0.457222 0.007500 0.007778
1 0.081667 0.441667 0.005000 0.021111
1 0.113333 0.427778 0.005000 0.020000
1 0.157500 0.432777 0.010000 0.021111
1 0.162917 0.448333 0.005833 0.010000
1 0.277083 0.404445 0.012500 0.033333
1 0.286250 0.403334 0.009166 0.035555
1 0.314584 0.436667 0.009167 0.024445
1 0.711250 0.140555 0.012500 0.081111
1 0.726667 0.132778 0.031667 0.092222
1 0.873333 0.334445 0.018333 0.064445
1 0.894583 0.335556 0.027500 0.071111
