1 0.280000 0.607264 0.020000 0.067567
1 0.342813 0.733530 0.015625 0.053209
1 0.354375 0.641892 0.022500 0.057432
1 0.435625 0.763935 0.008750 0.038007
1 0.486875 0.706503 0.013750 0.031250
1 0.513750 0.698902 0.008750 0.026182
1 0.525313 0.711571 0.011875 0.031250
1 0.560000 0.724240 0.008750 0.034628
1 0.593750 0.732686 0.005000 0.031250
1 0.632500 0.784628 0.010000 0.016892
1 0.649687 0.780827 0.011875 0.038007
1 0.659687 0.582770 0.021875 0.067568
1 0.702500 0.651604 0.012500 0.044763
1 0.772188 0.062500 0.081875 0.125000
1 0.836562 0.596284 0.026875 0.065878
1 0.922187 0.227618 0.061875 0.173142
1 0.950313 0.595440 0.030625 0.072635
1 0.992188 0.344172 0.014375 0.105574
