1 0.125625 0.647917 0.001250 0.009167
1 0.131250 0.654167 0.002500 0.010000
1 0.137188 0.649583 0.001875 0.005833
1 0.203125 0.655833 0.003750 0.003333
1 0.208750 0.645833 0.002500 0.010000
1 0.261875 0.627500 0.005000 0.005000
1 0.268750 0.659583 0.003750 0.007500
1 0.275625 0.657500 0.003750 0.006666
1 0.280625 0.630000 0.006250 0.006666
1 0.366250 0.630000 0.005000 0.005000
1 0.377500 0.630833 0.006250 0.006667
1 0.417187 0.584166 0.031875 0.053333
1 0.411250 0.659166 0.001250 0.003333
1 0.700313 0.166250 0.089375 0.090834
1 0.971250 0.630417 0.016250 0.025833
1 0.994687 0.628750 0.009375 0.029166
