1 0.155625 0.587242 0.003750 0.011258
1 0.155625 0.631332 0.003750 0.011257
1 0.161250 0.592871 0.005000 0.015009
1 0.164375 0.569887 0.006250 0.036585
1 0.172813 0.600375 0.005625 0.018762
1 0.179063 0.570825 0.013125 0.038461
1 0.208750 0.484990 0.012500 0.075047
1 0.215625 0.590994 0.003750 0.015009
1 0.216250 0.629456 0.005000 0.015010
1 0.239375 0.484990 0.031250 0.078799
1 0.254063 0.586773 0.016875 0.030956
1 0.296875 0.556754 0.007500 0.036585
1 0.340000 0.611163 0.008750 0.021576
1 0.439375 0.649625 0.012500 0.017824
1 0.471250 0.467636 0.012500 0.068480
1 0.746250 0.664634 0.008750 0.029080
1 0.762813 0.665572 0.019375 0.030957
